0 1 2.449489742783178 0 2 2.6457513110645907 0 3 2.23606797749979 0 4 2.6457513110645907 0 5 2.23606797749979 0 6 2.6457513110645907 0 7 2.449489742783178 0 8 3.3166247903554 0 9 4.242640687119285 0 10 2.449489742783178 
0 11 3.0 0 12 3.3166247903554 0 13 2.23606797749979 0 14 2.0 0 15 2.8284271247461903 0 16 2.6457513110645907 0 17 2.6457513110645907 0 18 2.8284271247461903 0 19 2.6457513110645907 0 20 2.6457513110645907 
0 21 3.3166247903554 0 22 4.69041575982343 0 23 2.0 0 24 2.6457513110645907 0 25 2.6457513110645907 0 26 2.8284271247461903 0 27 4.123105625617661 0 28 2.6457513110645907 0 29 3.0 0 30 2.8284271247461903 
0 31 3.3166247903554 0 32 2.6457513110645907 0 33 2.6457513110645907 0 34 2.6457513110645907 0 35 2.449489742783178 0 36 2.449489742783178 0 37 2.6457513110645907 0 38 2.23606797749979 0 39 2.6457513110645907 0 40 2.6457513110645907 
0 41 4.0 0 42 2.23606797749979 0 43 2.6457513110645907 0 44 3.4641016151377544 0 45 4.69041575982343 0 46 4.0 0 47 2.23606797749979 0 48 3.0 0 49 2.23606797749979 0 50 1.7320508075688772 
0 51 3.0 0 52 2.0 0 53 2.6457513110645907 0 54 2.23606797749979 0 55 3.1622776601683795 0 56 3.605551275463989 0 57 4.123105625617661 0 58 2.23606797749979 0 59 3.0 0 60 2.8284271247461903 
0 61 2.23606797749979 0 62 2.6457513110645907 0 63 2.6457513110645907 0 64 3.1622776601683795 0 65 2.449489742783178 0 66 2.6457513110645907 0 67 3.4641016151377544 0 68 2.0 0 69 3.1622776601683795 0 70 2.6457513110645907 
0 71 2.6457513110645907 0 72 2.449489742783178 0 73 2.8284271247461903 0 74 3.1622776601683795 0 75 2.6457513110645907 0 76 2.23606797749979 0 77 2.8284271247461903 0 78 3.0 0 79 3.872983346207417 0 80 4.0 
0 81 3.0 0 82 2.8284271247461903 1 2 2.23606797749979 1 3 2.6457513110645907 1 4 3.0 1 5 2.23606797749979 1 6 3.0 1 7 2.8284271247461903 1 8 3.3166247903554 1 9 4.242640687119285 
1 10 2.449489742783178 1 11 3.0 1 12 3.0 1 13 2.23606797749979 1 14 2.449489742783178 1 15 2.8284271247461903 1 16 3.0 1 17 2.6457513110645907 1 18 3.1622776601683795 1 19 3.0 
1 20 2.6457513110645907 1 21 3.605551275463989 1 22 5.291502622129181 1 23 2.0 1 24 3.0 1 25 2.6457513110645907 1 26 3.4641016151377544 1 27 4.123105625617661 1 28 2.6457513110645907 1 29 3.0 
1 30 2.449489742783178 1 31 3.605551275463989 1 32 2.6457513110645907 1 33 2.6457513110645907 1 34 2.6457513110645907 1 35 2.449489742783178 1 36 2.449489742783178 1 37 3.0 1 38 2.23606797749979 1 39 2.23606797749979 
1 40 2.6457513110645907 1 41 4.0 1 42 2.23606797749979 1 43 2.6457513110645907 1 44 3.7416573867739413 1 45 4.69041575982343 1 46 4.0 1 47 1.7320508075688772 1 48 2.6457513110645907 1 49 2.23606797749979 
1 50 2.23606797749979 1 51 3.0 1 52 1.4142135623730951 1 53 2.6457513110645907 1 54 2.23606797749979 1 55 3.7416573867739413 1 56 3.605551275463989 1 57 4.123105625617661 1 58 1.7320508075688772 1 59 2.6457513110645907 
1 60 2.8284271247461903 1 61 2.23606797749979 1 62 2.6457513110645907 1 63 3.3166247903554 1 64 3.1622776601683795 1 65 2.449489742783178 1 66 3.0 1 67 3.1622776601683795 1 68 2.449489742783178 1 69 3.4641016151377544 
1 70 3.0 1 71 2.6457513110645907 1 72 2.8284271247461903 1 73 2.8284271247461903 1 74 3.7416573867739413 1 75 3.0 1 76 2.6457513110645907 1 77 2.8284271247461903 1 78 3.3166247903554 1 79 3.605551275463989 
1 80 4.242640687119285 1 81 3.0 1 82 3.1622776601683795 2 3 2.8284271247461903 2 4 3.1622776601683795 2 5 2.449489742783178 2 6 3.1622776601683795 2 7 3.0 2 8 3.4641016151377544 2 9 4.358898943540674 
2 10 2.6457513110645907 2 11 3.1622776601683795 2 12 3.1622776601683795 2 13 2.0 2 14 2.6457513110645907 2 15 3.0 2 16 3.1622776601683795 2 17 2.8284271247461903 2 18 3.3166247903554 2 19 3.1622776601683795 
2 20 2.8284271247461903 2 21 3.7416573867739413 2 22 5.385164807134504 2 23 2.23606797749979 2 24 3.1622776601683795 2 25 2.8284271247461903 2 26 3.605551275463989 2 27 4.242640687119285 2 28 2.8284271247461903 2 29 3.1622776601683795 
2 30 2.6457513110645907 2 31 3.4641016151377544 2 32 2.8284271247461903 2 33 2.8284271247461903 2 34 2.8284271247461903 2 35 2.6457513110645907 2 36 2.6457513110645907 2 37 3.1622776601683795 2 38 2.449489742783178 2 39 2.449489742783178 
2 40 2.8284271247461903 2 41 4.123105625617661 2 42 2.449489742783178 2 43 2.8284271247461903 2 44 3.872983346207417 2 45 4.795831523312719 2 46 4.123105625617661 2 47 2.0 2 48 2.8284271247461903 2 49 2.0 
2 50 2.449489742783178 2 51 3.1622776601683795 2 52 1.7320508075688772 2 53 2.8284271247461903 2 54 2.0 2 55 3.872983346207417 2 56 3.7416573867739413 2 57 4.242640687119285 2 58 2.0 2 59 3.1622776601683795 
2 60 3.0 2 61 2.449489742783178 2 62 2.449489742783178 2 63 3.4641016151377544 2 64 3.3166247903554 2 65 2.6457513110645907 2 66 3.1622776601683795 2 67 3.3166247903554 2 68 2.6457513110645907 2 69 3.605551275463989 
2 70 3.1622776601683795 2 71 2.8284271247461903 2 72 3.0 2 73 3.0 2 74 3.872983346207417 2 75 3.1622776601683795 2 76 2.8284271247461903 2 77 3.0 2 78 3.4641016151377544 2 79 3.7416573867739413 
2 80 4.358898943540674 2 81 3.1622776601683795 2 82 3.3166247903554 3 4 2.8284271247461903 3 5 2.449489742783178 3 6 2.8284271247461903 3 7 2.6457513110645907 3 8 3.4641016151377544 3 9 4.795831523312719 3 10 2.6457513110645907 
3 11 3.1622776601683795 3 12 3.4641016151377544 3 13 2.449489742783178 3 14 2.23606797749979 3 15 3.0 3 16 2.449489742783178 3 17 2.8284271247461903 3 18 3.0 3 19 2.8284271247461903 3 20 2.8284271247461903 
3 21 3.7416573867739413 3 22 5.385164807134504 3 23 2.23606797749979 3 24 2.8284271247461903 3 25 2.8284271247461903 3 26 3.3166247903554 3 27 4.0 3 28 2.8284271247461903 3 29 3.1622776601683795 3 30 3.0 
3 31 3.7416573867739413 3 32 3.1622776601683795 3 33 2.8284271247461903 3 34 2.8284271247461903 3 35 2.6457513110645907 3 36 2.6457513110645907 3 37 2.449489742783178 3 38 2.449489742783178 3 39 2.8284271247461903 3 40 2.8284271247461903 
3 41 3.872983346207417 3 42 2.0 3 43 2.8284271247461903 3 44 3.872983346207417 3 45 4.58257569495584 3 46 4.123105625617661 3 47 2.449489742783178 3 48 3.1622776601683795 3 49 2.449489742783178 3 50 2.0 
3 51 3.1622776601683795 3 52 2.23606797749979 3 53 2.8284271247461903 3 54 2.449489742783178 3 55 3.872983346207417 3 56 3.4641016151377544 3 57 4.242640687119285 3 58 2.449489742783178 3 59 3.1622776601683795 3 60 2.6457513110645907 
3 61 2.449489742783178 3 62 2.8284271247461903 3 63 3.1622776601683795 3 64 3.3166247903554 3 65 2.6457513110645907 3 66 2.8284271247461903 3 67 3.605551275463989 3 68 2.23606797749979 3 69 3.3166247903554 3 70 2.8284271247461903 
3 71 2.8284271247461903 3 72 3.0 3 73 3.0 3 74 3.605551275463989 3 75 3.1622776601683795 3 76 2.8284271247461903 3 77 2.6457513110645907 3 78 2.8284271247461903 3 79 4.242640687119285 3 80 4.358898943540674 
3 81 3.1622776601683795 3 82 2.6457513110645907 4 5 2.8284271247461903 4 6 3.1622776601683795 4 7 2.6457513110645907 4 8 3.7416573867739413 4 9 5.0 4 10 3.0 4 11 3.4641016151377544 4 12 3.7416573867739413 
4 13 2.8284271247461903 4 14 2.6457513110645907 4 15 3.3166247903554 4 16 3.1622776601683795 4 17 3.1622776601683795 4 18 3.605551275463989 4 19 3.1622776601683795 4 20 3.1622776601683795 4 21 4.0 4 22 5.5677643628300215 
4 23 2.6457513110645907 4 24 2.8284271247461903 4 25 2.8284271247461903 4 26 3.3166247903554 4 27 4.47213595499958 4 28 3.1622776601683795 4 29 3.4641016151377544 4 30 3.3166247903554 4 31 4.0 4 32 3.4641016151377544 
4 33 3.1622776601683795 4 34 3.1622776601683795 4 35 3.0 4 36 3.0 4 37 3.1622776601683795 4 38 2.8284271247461903 4 39 3.1622776601683795 4 40 2.8284271247461903 4 41 4.358898943540674 4 42 2.8284271247461903 
4 43 2.8284271247461903 4 44 4.123105625617661 4 45 5.0 4 46 4.358898943540674 4 47 2.8284271247461903 4 48 3.1622776601683795 4 49 2.8284271247461903 4 50 2.449489742783178 4 51 3.4641016151377544 4 52 2.6457513110645907 
4 53 2.8284271247461903 4 54 2.8284271247461903 4 55 4.123105625617661 4 56 4.0 4 57 4.47213595499958 4 58 2.8284271247461903 4 59 3.4641016151377544 4 60 3.3166247903554 4 61 2.8284271247461903 4 62 3.1622776601683795 
4 63 3.1622776601683795 4 64 3.605551275463989 4 65 3.0 4 66 3.1622776601683795 4 67 3.605551275463989 4 68 2.6457513110645907 4 69 3.605551275463989 4 70 3.1622776601683795 4 71 3.1622776601683795 4 72 3.3166247903554 
4 73 3.3166247903554 4 74 3.872983346207417 4 75 3.4641016151377544 4 76 3.1622776601683795 4 77 3.0 4 78 3.4641016151377544 4 79 4.242640687119285 4 80 4.58257569495584 4 81 3.4641016151377544 4 82 3.3166247903554 
5 6 2.8284271247461903 5 7 2.6457513110645907 5 8 3.1622776601683795 5 9 4.58257569495584 5 10 2.23606797749979 5 11 2.8284271247461903 5 12 3.1622776601683795 5 13 2.0 5 14 2.23606797749979 5 15 2.6457513110645907 
5 16 2.8284271247461903 5 17 2.449489742783178 5 18 3.0 5 19 2.8284271247461903 5 20 2.449489742783178 5 21 3.4641016151377544 5 22 5.196152422706632 5 23 1.7320508075688772 5 24 2.8284271247461903 5 25 2.0 
5 26 3.3166247903554 5 27 4.0 5 28 2.449489742783178 5 29 2.8284271247461903 5 30 2.6457513110645907 5 31 3.4641016151377544 5 32 2.8284271247461903 5 33 2.449489742783178 5 34 2.449489742783178 5 35 2.23606797749979 
5 36 2.23606797749979 5 37 2.8284271247461903 5 38 2.0 5 39 2.449489742783178 5 40 2.449489742783178 5 41 3.872983346207417 5 42 2.0 5 43 2.449489742783178 5 44 3.605551275463989 5 45 4.58257569495584 
5 46 3.872983346207417 5 47 2.0 5 48 2.8284271247461903 5 49 2.449489742783178 5 50 2.0 5 51 2.8284271247461903 5 52 1.7320508075688772 5 53 2.449489742783178 5 54 2.0 5 55 3.605551275463989 
5 56 3.4641016151377544 5 57 4.0 5 58 2.0 5 59 2.8284271247461903 5 60 2.6457513110645907 5 61 2.0 5 62 2.449489742783178 5 63 3.1622776601683795 5 64 3.0 5 65 2.23606797749979 
5 66 2.8284271247461903 5 67 3.3166247903554 5 68 2.23606797749979 5 69 3.3166247903554 5 70 2.8284271247461903 5 71 2.8284271247461903 5 72 2.6457513110645907 5 73 3.0 5 74 3.3166247903554 5 75 2.8284271247461903 
5 76 2.449489742783178 5 77 3.0 5 78 3.1622776601683795 5 79 4.0 5 80 4.123105625617661 5 81 3.1622776601683795 5 82 3.0 6 7 3.0 6 8 3.7416573867739413 6 9 5.0 
6 10 3.0 6 11 3.4641016151377544 6 12 3.7416573867739413 6 13 2.8284271247461903 6 14 2.6457513110645907 6 15 2.6457513110645907 6 16 3.1622776601683795 6 17 3.1622776601683795 6 18 3.605551275463989 6 19 3.1622776601683795 
6 20 3.1622776601683795 6 21 4.0 6 22 5.5677643628300215 6 23 2.6457513110645907 6 24 2.8284271247461903 6 25 3.1622776601683795 6 26 3.605551275463989 6 27 4.47213595499958 6 28 3.1622776601683795 6 29 3.4641016151377544 
6 30 3.3166247903554 6 31 3.4641016151377544 6 32 3.4641016151377544 6 33 3.1622776601683795 6 34 3.1622776601683795 6 35 3.0 6 36 3.0 6 37 3.1622776601683795 6 38 2.8284271247461903 6 39 3.1622776601683795 
6 40 3.1622776601683795 6 41 4.358898943540674 6 42 2.8284271247461903 6 43 3.1622776601683795 6 44 3.605551275463989 6 45 5.0 6 46 4.358898943540674 6 47 2.8284271247461903 6 48 3.4641016151377544 6 49 2.8284271247461903 
6 50 2.449489742783178 6 51 3.4641016151377544 6 52 2.6457513110645907 6 53 2.449489742783178 6 54 2.8284271247461903 6 55 4.123105625617661 6 56 4.0 6 57 4.47213595499958 6 58 2.8284271247461903 6 59 3.1622776601683795 
6 60 3.3166247903554 6 61 2.8284271247461903 6 62 3.1622776601683795 6 63 3.4641016151377544 6 64 3.605551275463989 6 65 3.0 6 66 3.1622776601683795 6 67 3.872983346207417 6 68 2.6457513110645907 6 69 3.605551275463989 
6 70 3.1622776601683795 6 71 3.1622776601683795 6 72 3.3166247903554 6 73 3.3166247903554 6 74 3.872983346207417 6 75 3.4641016151377544 6 76 3.1622776601683795 6 77 3.3166247903554 6 78 3.4641016151377544 6 79 4.47213595499958 
6 80 4.358898943540674 6 81 3.4641016151377544 6 82 2.6457513110645907 7 8 3.605551275463989 7 9 4.47213595499958 7 10 1.4142135623730951 7 11 2.6457513110645907 7 12 3.0 7 13 2.23606797749979 7 14 2.0 
7 15 3.1622776601683795 7 16 2.6457513110645907 7 17 3.0 7 18 3.4641016151377544 7 19 1.7320508075688772 7 20 2.23606797749979 7 21 3.605551275463989 7 22 4.898979485566356 7 23 2.449489742783178 7 24 2.23606797749979 
7 25 2.6457513110645907 7 26 3.1622776601683795 7 27 4.123105625617661 7 28 3.0 7 29 3.0 7 30 2.8284271247461903 7 31 3.3166247903554 7 32 3.0 7 33 2.6457513110645907 7 34 3.0 
7 35 2.8284271247461903 7 36 2.8284271247461903 7 37 2.23606797749979 7 38 2.23606797749979 7 39 3.0 7 40 2.6457513110645907 7 41 4.242640687119285 7 42 2.23606797749979 7 43 2.23606797749979 7 44 4.0 
7 45 4.898979485566356 7 46 4.0 7 47 2.6457513110645907 7 48 2.23606797749979 7 49 2.6457513110645907 7 50 2.23606797749979 7 51 2.6457513110645907 7 52 2.449489742783178 7 53 3.0 7 54 2.23606797749979 
7 55 3.1622776601683795 7 56 3.3166247903554 7 57 4.123105625617661 7 58 2.6457513110645907 7 59 3.3166247903554 7 60 2.8284271247461903 7 61 2.6457513110645907 7 62 3.0 7 63 3.0 7 64 2.0 
7 65 2.449489742783178 7 66 3.0 7 67 2.8284271247461903 7 68 2.0 7 69 2.8284271247461903 7 70 3.0 7 71 3.0 7 72 2.449489742783178 7 73 3.1622776601683795 7 74 3.1622776601683795 
7 75 3.3166247903554 7 76 2.6457513110645907 7 77 2.8284271247461903 7 78 2.6457513110645907 7 79 4.358898943540674 7 80 4.242640687119285 7 81 3.0 7 82 3.1622776601683795 8 9 5.0 8 10 3.3166247903554 
8 11 3.4641016151377544 8 12 3.4641016151377544 8 13 3.1622776601683795 8 14 3.3166247903554 8 15 3.3166247903554 8 16 3.7416573867739413 8 17 3.4641016151377544 8 18 3.872983346207417 8 19 3.4641016151377544 8 20 3.1622776601683795 
8 21 3.7416573867739413 8 22 5.5677643628300215 8 23 3.0 8 24 3.7416573867739413 8 25 3.4641016151377544 8 26 4.123105625617661 8 27 4.47213595499958 8 28 3.4641016151377544 8 29 3.7416573867739413 8 30 3.605551275463989 
8 31 4.242640687119285 8 32 3.7416573867739413 8 33 3.4641016151377544 8 34 3.4641016151377544 8 35 3.0 8 36 3.0 8 37 3.7416573867739413 8 38 3.1622776601683795 8 39 3.4641016151377544 8 40 3.1622776601683795 
8 41 4.358898943540674 8 42 3.1622776601683795 8 43 3.4641016151377544 8 44 4.358898943540674 8 45 4.795831523312719 8 46 4.58257569495584 8 47 3.1622776601683795 8 48 3.4641016151377544 8 49 3.4641016151377544 8 50 3.1622776601683795 
8 51 3.7416573867739413 8 52 3.0 8 53 3.4641016151377544 8 54 3.1622776601683795 8 55 4.358898943540674 8 56 3.7416573867739413 8 57 4.47213595499958 8 58 3.1622776601683795 8 59 3.4641016151377544 8 60 3.605551275463989 
8 61 3.1622776601683795 8 62 3.4641016151377544 8 63 4.0 8 64 3.872983346207417 8 65 3.3166247903554 8 66 3.7416573867739413 8 67 4.123105625617661 8 68 3.3166247903554 8 69 4.123105625617661 8 70 3.4641016151377544 
8 71 3.4641016151377544 8 72 3.3166247903554 8 73 3.872983346207417 8 74 4.358898943540674 8 75 3.4641016151377544 8 76 3.1622776601683795 8 77 3.872983346207417 8 78 3.7416573867739413 8 79 4.47213595499958 8 80 4.58257569495584 
8 81 3.7416573867739413 8 82 3.872983346207417 9 10 4.242640687119285 9 11 4.795831523312719 9 12 4.358898943540674 9 13 4.58257569495584 9 14 4.47213595499958 9 15 4.69041575982343 9 16 5.0 9 17 4.795831523312719 
9 18 4.898979485566356 9 19 4.358898943540674 9 20 4.123105625617661 9 21 4.58257569495584 9 22 5.477225575051661 9 23 4.47213595499958 9 24 4.795831523312719 9 25 4.795831523312719 9 26 5.0990195135927845 9 27 5.385164807134504 
9 28 4.795831523312719 9 29 5.0 9 30 4.0 9 31 4.795831523312719 9 32 4.123105625617661 9 33 4.795831523312719 9 34 4.795831523312719 9 35 4.69041575982343 9 36 4.47213595499958 9 37 4.58257569495584 
9 38 4.58257569495584 9 39 4.358898943540674 9 40 4.795831523312719 9 41 5.477225575051661 9 42 4.58257569495584 9 43 4.795831523312719 9 44 5.291502622129181 9 45 5.656854249492381 9 46 5.0990195135927845 9 47 4.123105625617661 
9 48 4.123105625617661 9 49 4.358898943540674 9 50 4.58257569495584 9 51 4.795831523312719 9 52 4.0 9 53 4.795831523312719 9 54 4.58257569495584 9 55 4.69041575982343 9 56 4.795831523312719 9 57 5.385164807134504 
9 58 4.123105625617661 9 59 4.795831523312719 9 60 4.898979485566356 9 61 4.58257569495584 9 62 4.795831523312719 9 63 4.795831523312719 9 64 4.47213595499958 9 65 4.47213595499958 9 66 5.0 9 67 4.47213595499958 
9 68 4.69041575982343 9 69 5.0990195135927845 9 70 4.795831523312719 9 71 4.358898943540674 9 72 4.0 9 73 4.69041575982343 9 74 5.0990195135927845 9 75 4.58257569495584 9 76 4.123105625617661 9 77 4.69041575982343 
9 78 4.58257569495584 9 79 4.58257569495584 9 80 5.656854249492381 9 81 4.358898943540674 9 82 5.0990195135927845 10 11 2.23606797749979 10 12 2.6457513110645907 10 13 1.7320508075688772 10 14 2.0 10 15 2.8284271247461903 
10 16 2.6457513110645907 10 17 2.6457513110645907 10 18 3.1622776601683795 10 19 1.7320508075688772 10 20 1.7320508075688772 10 21 3.3166247903554 10 22 4.69041575982343 10 23 2.0 10 24 2.6457513110645907 10 25 2.6457513110645907 
10 26 3.4641016151377544 10 27 3.872983346207417 10 28 2.6457513110645907 10 29 2.6457513110645907 10 30 2.449489742783178 10 31 3.0 10 32 2.6457513110645907 10 33 2.23606797749979 10 34 2.6457513110645907 10 35 2.449489742783178 
10 36 2.449489742783178 10 37 2.23606797749979 10 38 1.7320508075688772 10 39 2.6457513110645907 10 40 2.6457513110645907 10 41 4.0 10 42 1.7320508075688772 10 43 2.23606797749979 10 44 3.7416573867739413 10 45 4.69041575982343 
10 46 3.7416573867739413 10 47 2.23606797749979 10 48 2.23606797749979 10 49 2.6457513110645907 10 50 2.23606797749979 10 51 2.23606797749979 10 52 2.0 10 53 2.6457513110645907 10 54 1.7320508075688772 10 55 2.8284271247461903 
10 56 3.0 10 57 3.872983346207417 10 58 2.23606797749979 10 59 3.0 10 60 2.449489742783178 10 61 2.23606797749979 10 62 2.6457513110645907 10 63 3.0 10 64 1.4142135623730951 10 65 2.0 
10 66 3.0 10 67 2.8284271247461903 10 68 2.0 10 69 2.8284271247461903 10 70 3.0 10 71 3.0 10 72 2.0 10 73 3.1622776601683795 10 74 3.1622776601683795 10 75 3.0 
10 76 2.23606797749979 10 77 3.1622776601683795 10 78 2.6457513110645907 10 79 4.123105625617661 10 80 4.0 10 81 3.0 10 82 3.1622776601683795 11 12 3.1622776601683795 11 13 2.449489742783178 11 14 2.6457513110645907 
11 15 3.3166247903554 11 16 3.1622776601683795 11 17 3.1622776601683795 11 18 3.605551275463989 11 19 2.8284271247461903 11 20 2.8284271247461903 11 21 4.0 11 22 5.5677643628300215 11 23 2.6457513110645907 11 24 3.4641016151377544 
11 25 3.1622776601683795 11 26 3.872983346207417 11 27 4.47213595499958 11 28 3.1622776601683795 11 29 2.8284271247461903 11 30 3.3166247903554 11 31 3.1622776601683795 11 32 3.1622776601683795 11 33 2.8284271247461903 11 34 3.1622776601683795 
11 35 3.0 11 36 3.0 11 37 3.1622776601683795 11 38 2.449489742783178 11 39 3.1622776601683795 11 40 2.8284271247461903 11 41 4.123105625617661 11 42 2.449489742783178 11 43 2.8284271247461903 11 44 4.123105625617661 
11 45 5.0 11 46 4.358898943540674 11 47 2.8284271247461903 11 48 3.1622776601683795 11 49 3.1622776601683795 11 50 2.8284271247461903 11 51 3.1622776601683795 11 52 2.6457513110645907 11 53 3.1622776601683795 11 54 2.449489742783178 
11 55 3.872983346207417 11 56 3.4641016151377544 11 57 4.47213595499958 11 58 2.8284271247461903 11 59 3.4641016151377544 11 60 3.0 11 61 2.8284271247461903 11 62 3.1622776601683795 11 63 3.4641016151377544 11 64 3.0 
11 65 3.0 11 66 3.4641016151377544 11 67 3.605551275463989 11 68 2.6457513110645907 11 69 3.605551275463989 11 70 3.4641016151377544 11 71 3.4641016151377544 11 72 3.0 11 73 3.605551275463989 11 74 3.605551275463989 
11 75 3.4641016151377544 11 76 2.8284271247461903 11 77 3.605551275463989 11 78 3.7416573867739413 11 79 4.47213595499958 11 80 4.358898943540674 11 81 3.7416573867739413 11 82 3.605551275463989 12 13 3.1622776601683795 12 14 3.0 
12 15 3.605551275463989 12 16 3.7416573867739413 12 17 3.4641016151377544 12 18 3.872983346207417 12 19 3.1622776601683795 12 20 2.8284271247461903 12 21 4.0 12 22 5.196152422706632 12 23 3.0 12 24 3.4641016151377544 
12 25 3.4641016151377544 12 26 4.123105625617661 12 27 4.47213595499958 12 28 3.4641016151377544 12 29 3.4641016151377544 12 30 3.0 12 31 3.7416573867739413 12 32 3.1622776601683795 12 33 3.4641016151377544 12 34 3.4641016151377544 
12 35 3.3166247903554 12 36 3.3166247903554 12 37 3.1622776601683795 12 38 3.1622776601683795 12 39 3.1622776601683795 12 40 3.1622776601683795 12 41 4.58257569495584 12 42 3.1622776601683795 12 43 3.4641016151377544 12 44 4.358898943540674 
12 45 5.196152422706632 12 46 4.358898943540674 12 47 2.8284271247461903 12 48 2.449489742783178 12 49 3.1622776601683795 12 50 3.1622776601683795 12 51 3.4641016151377544 12 52 2.6457513110645907 12 53 3.4641016151377544 12 54 3.1622776601683795 
12 55 3.872983346207417 12 56 3.7416573867739413 12 57 4.47213595499958 12 58 2.8284271247461903 12 59 3.7416573867739413 12 60 3.605551275463989 12 61 3.1622776601683795 12 62 3.4641016151377544 12 63 3.7416573867739413 12 64 3.0 
12 65 3.0 12 66 3.7416573867739413 12 67 3.3166247903554 12 68 3.3166247903554 12 69 3.872983346207417 12 70 3.7416573867739413 12 71 3.4641016151377544 12 72 3.0 12 73 3.605551275463989 12 74 4.123105625617661 
12 75 3.7416573867739413 12 76 3.1622776601683795 12 77 3.605551275463989 12 78 3.4641016151377544 12 79 4.242640687119285 12 80 4.795831523312719 12 81 3.4641016151377544 12 82 3.872983346207417 13 14 2.23606797749979 13 15 2.6457513110645907 
13 16 2.449489742783178 13 17 2.449489742783178 13 18 3.0 13 19 2.449489742783178 13 20 2.449489742783178 13 21 3.4641016151377544 13 22 5.196152422706632 13 23 1.7320508075688772 13 24 2.8284271247461903 13 25 2.449489742783178 
13 26 3.3166247903554 13 27 4.0 13 28 2.449489742783178 13 29 2.449489742783178 13 30 2.6457513110645907 13 31 3.4641016151377544 13 32 2.8284271247461903 13 33 2.0 13 34 2.449489742783178 13 35 2.23606797749979 
13 36 2.23606797749979 13 37 2.8284271247461903 13 38 1.4142135623730951 13 39 2.449489742783178 13 40 2.449489742783178 13 41 3.872983346207417 13 42 1.4142135623730951 13 43 2.0 13 44 3.605551275463989 13 45 4.58257569495584 
13 46 3.872983346207417 13 47 2.0 13 48 2.8284271247461903 13 49 2.0 13 50 2.0 13 51 2.449489742783178 13 52 1.7320508075688772 13 53 2.449489742783178 13 54 0.0 13 55 3.3166247903554 
13 56 3.4641016151377544 13 57 4.0 13 58 2.0 13 59 2.8284271247461903 13 60 2.23606797749979 13 61 2.0 13 62 2.449489742783178 13 63 3.1622776601683795 13 64 2.6457513110645907 13 65 2.23606797749979 
13 66 2.8284271247461903 13 67 3.3166247903554 13 68 1.7320508075688772 13 69 3.0 13 70 2.8284271247461903 13 71 2.8284271247461903 13 72 2.6457513110645907 13 73 3.0 13 74 3.3166247903554 13 75 2.8284271247461903 
13 76 2.449489742783178 13 77 3.0 13 78 3.1622776601683795 13 79 4.0 13 80 3.872983346207417 13 81 3.1622776601683795 13 82 3.0 14 15 2.8284271247461903 14 16 2.6457513110645907 14 17 2.6457513110645907 
14 18 3.1622776601683795 14 19 2.23606797749979 14 20 2.23606797749979 14 21 3.605551275463989 14 22 5.291502622129181 14 23 2.0 14 24 2.6457513110645907 14 25 2.6457513110645907 14 26 3.1622776601683795 14 27 4.123105625617661 
14 28 2.6457513110645907 14 29 3.0 14 30 2.8284271247461903 14 31 3.0 14 32 2.6457513110645907 14 33 2.6457513110645907 14 34 2.6457513110645907 14 35 2.449489742783178 14 36 2.449489742783178 14 37 2.23606797749979 
14 38 2.23606797749979 14 39 2.6457513110645907 14 40 2.6457513110645907 14 41 4.0 14 42 2.23606797749979 14 43 2.6457513110645907 14 44 3.7416573867739413 14 45 4.69041575982343 14 46 4.0 14 47 2.23606797749979 
14 48 2.6457513110645907 14 49 2.23606797749979 14 50 1.7320508075688772 14 51 3.0 14 52 2.0 14 53 2.6457513110645907 14 54 2.23606797749979 14 55 3.7416573867739413 14 56 3.0 14 57 4.123105625617661 
14 58 2.23606797749979 14 59 3.0 14 60 2.8284271247461903 14 61 2.23606797749979 14 62 2.6457513110645907 14 63 2.6457513110645907 14 64 2.8284271247461903 14 65 2.449489742783178 14 66 2.6457513110645907 14 67 3.1622776601683795 
14 68 2.0 14 69 3.1622776601683795 14 70 2.6457513110645907 14 71 2.6457513110645907 14 72 2.449489742783178 14 73 2.8284271247461903 14 74 3.1622776601683795 14 75 3.0 14 76 2.23606797749979 14 77 2.8284271247461903 
14 78 3.0 14 79 4.123105625617661 14 80 4.242640687119285 14 81 3.0 14 82 2.8284271247461903 15 16 3.3166247903554 15 17 2.6457513110645907 15 18 3.4641016151377544 15 19 3.0 15 20 2.6457513110645907 
15 21 3.3166247903554 15 22 5.477225575051661 15 23 2.449489742783178 15 24 3.3166247903554 15 25 3.0 15 26 3.7416573867739413 15 27 4.123105625617661 15 28 3.0 15 29 3.3166247903554 15 30 3.1622776601683795 
15 31 3.605551275463989 15 32 3.3166247903554 15 33 3.0 15 34 3.0 15 35 2.8284271247461903 15 36 1.4142135623730951 15 37 3.0 15 38 2.6457513110645907 15 39 3.0 15 40 3.0 
15 41 4.0 15 42 2.6457513110645907 15 43 2.6457513110645907 15 44 3.1622776601683795 15 45 4.69041575982343 15 46 4.242640687119285 15 47 2.6457513110645907 15 48 3.3166247903554 15 49 3.0 15 50 2.6457513110645907 
15 51 3.0 15 52 2.449489742783178 15 53 2.6457513110645907 15 54 2.6457513110645907 15 55 4.0 15 56 3.605551275463989 15 57 4.123105625617661 15 58 2.6457513110645907 15 59 3.0 15 60 3.1622776601683795 
15 61 2.6457513110645907 15 62 3.0 15 63 3.605551275463989 15 64 3.4641016151377544 15 65 2.8284271247461903 15 66 3.3166247903554 15 67 3.7416573867739413 15 68 2.8284271247461903 15 69 3.7416573867739413 15 70 3.0 
15 71 3.0 15 72 2.8284271247461903 15 73 3.4641016151377544 15 74 4.0 15 75 3.0 15 76 2.23606797749979 15 77 3.4641016151377544 15 78 3.3166247903554 15 79 4.123105625617661 15 80 4.47213595499958 
15 81 3.3166247903554 15 82 3.1622776601683795 16 17 3.1622776601683795 16 18 3.3166247903554 16 19 2.449489742783178 16 20 3.1622776601683795 16 21 3.7416573867739413 16 22 5.5677643628300215 16 23 2.6457513110645907 16 24 2.8284271247461903 
16 25 3.1622776601683795 16 26 3.3166247903554 16 27 4.242640687119285 16 28 3.1622776601683795 16 29 3.1622776601683795 16 30 3.3166247903554 16 31 4.0 16 32 3.4641016151377544 16 33 2.8284271247461903 16 34 3.1622776601683795 
16 35 3.0 16 36 3.0 16 37 2.8284271247461903 16 38 2.449489742783178 16 39 3.1622776601683795 16 40 3.1622776601683795 16 41 4.358898943540674 16 42 2.0 16 43 2.8284271247461903 16 44 4.123105625617661 
16 45 5.0 16 46 4.358898943540674 16 47 2.8284271247461903 16 48 3.4641016151377544 16 49 2.449489742783178 16 50 2.449489742783178 16 51 3.1622776601683795 16 52 2.6457513110645907 16 53 3.1622776601683795 16 54 2.449489742783178 
16 55 3.872983346207417 16 56 4.0 16 57 4.47213595499958 16 58 2.8284271247461903 16 59 3.4641016151377544 16 60 2.23606797749979 16 61 2.8284271247461903 16 62 3.1622776601683795 16 63 3.4641016151377544 16 64 3.3166247903554 
16 65 3.0 16 66 3.1622776601683795 16 67 3.872983346207417 16 68 1.7320508075688772 16 69 3.3166247903554 16 70 3.1622776601683795 16 71 3.1622776601683795 16 72 3.3166247903554 16 73 3.3166247903554 16 74 3.0 
16 75 3.4641016151377544 16 76 3.1622776601683795 16 77 3.0 16 78 3.4641016151377544 16 79 4.47213595499958 16 80 4.358898943540674 16 81 3.4641016151377544 16 82 3.3166247903554 17 18 3.3166247903554 17 19 3.1622776601683795 
17 20 2.8284271247461903 17 21 3.7416573867739413 17 22 5.385164807134504 17 23 2.23606797749979 17 24 3.1622776601683795 17 25 2.8284271247461903 17 26 3.605551275463989 17 27 4.242640687119285 17 28 2.8284271247461903 17 29 3.1622776601683795 
17 30 3.0 17 31 3.7416573867739413 17 32 3.1622776601683795 17 33 2.8284271247461903 17 34 2.8284271247461903 17 35 2.6457513110645907 17 36 2.23606797749979 17 37 2.8284271247461903 17 38 2.449489742783178 17 39 2.8284271247461903 
17 40 2.8284271247461903 17 41 4.123105625617661 17 42 2.449489742783178 17 43 2.8284271247461903 17 44 3.605551275463989 17 45 4.795831523312719 17 46 3.872983346207417 17 47 2.449489742783178 17 48 3.1622776601683795 17 49 2.8284271247461903 
17 50 2.449489742783178 17 51 2.8284271247461903 17 52 2.23606797749979 17 53 2.8284271247461903 17 54 2.449489742783178 17 55 3.872983346207417 17 56 3.7416573867739413 17 57 4.242640687119285 17 58 2.449489742783178 17 59 3.1622776601683795 
17 60 3.0 17 61 2.449489742783178 17 62 2.8284271247461903 17 63 3.4641016151377544 17 64 3.3166247903554 17 65 2.6457513110645907 17 66 3.1622776601683795 17 67 3.605551275463989 17 68 2.6457513110645907 17 69 3.605551275463989 
17 70 3.1622776601683795 17 71 3.1622776601683795 17 72 3.0 17 73 3.3166247903554 17 74 3.872983346207417 17 75 3.1622776601683795 17 76 2.449489742783178 17 77 3.3166247903554 17 78 3.4641016151377544 17 79 4.242640687119285 
17 80 4.358898943540674 17 81 3.4641016151377544 17 82 3.3166247903554 18 19 3.605551275463989 18 20 3.3166247903554 18 21 3.872983346207417 18 22 5.656854249492381 18 23 2.8284271247461903 18 24 3.605551275463989 18 25 3.3166247903554 
18 26 3.4641016151377544 18 27 3.872983346207417 18 28 3.3166247903554 18 29 3.605551275463989 18 30 3.4641016151377544 18 31 3.605551275463989 18 32 3.605551275463989 18 33 3.3166247903554 18 34 3.0 18 35 3.1622776601683795 
18 36 3.1622776601683795 18 37 3.605551275463989 18 38 3.0 18 39 3.3166247903554 18 40 3.0 18 41 4.242640687119285 18 42 2.6457513110645907 18 43 3.3166247903554 18 44 4.242640687119285 18 45 4.898979485566356 
18 46 4.47213595499958 18 47 3.0 18 48 3.605551275463989 18 49 3.3166247903554 18 50 3.0 18 51 3.605551275463989 18 52 2.8284271247461903 18 53 3.3166247903554 18 54 3.0 18 55 4.242640687119285 
18 56 4.123105625617661 18 57 4.358898943540674 18 58 3.0 18 59 3.605551275463989 18 60 3.1622776601683795 18 61 3.0 18 62 3.3166247903554 18 63 3.3166247903554 18 64 3.7416573867739413 18 65 3.1622776601683795 
18 66 3.605551275463989 18 67 4.0 18 68 3.1622776601683795 18 69 4.0 18 70 3.605551275463989 18 71 3.605551275463989 18 72 3.1622776601683795 18 73 3.7416573867739413 18 74 4.242640687119285 18 75 3.605551275463989 
18 76 3.3166247903554 18 77 3.4641016151377544 18 78 3.872983346207417 18 79 4.58257569495584 18 80 4.47213595499958 18 81 3.605551275463989 18 82 3.7416573867739413 19 20 2.0 19 21 3.1622776601683795 19 22 5.0 
19 23 2.6457513110645907 19 24 2.8284271247461903 19 25 3.1622776601683795 19 26 3.3166247903554 19 27 4.0 19 28 3.1622776601683795 19 29 3.1622776601683795 19 30 3.0 19 31 3.4641016151377544 19 32 3.1622776601683795 
19 33 2.8284271247461903 19 34 3.1622776601683795 19 35 3.0 19 36 2.6457513110645907 19 37 2.0 19 38 2.449489742783178 19 39 3.1622776601683795 19 40 3.1622776601683795 19 41 4.123105625617661 19 42 2.449489742783178 
19 43 2.8284271247461903 19 44 4.123105625617661 19 45 4.795831523312719 19 46 4.123105625617661 19 47 2.8284271247461903 19 48 2.8284271247461903 19 49 2.8284271247461903 19 50 2.449489742783178 19 51 2.8284271247461903 19 52 2.6457513110645907 
19 53 3.1622776601683795 19 54 2.449489742783178 19 55 3.3166247903554 19 56 3.1622776601683795 19 57 4.0 19 58 2.8284271247461903 19 59 3.1622776601683795 19 60 2.6457513110645907 19 61 2.8284271247461903 19 62 3.1622776601683795 
19 63 3.1622776601683795 19 64 2.23606797749979 19 65 2.6457513110645907 19 66 3.1622776601683795 19 67 3.3166247903554 19 68 1.7320508075688772 19 69 3.0 19 70 2.8284271247461903 19 71 2.8284271247461903 19 72 2.23606797749979 
19 73 3.3166247903554 19 74 3.0 19 75 3.1622776601683795 19 76 2.449489742783178 19 77 3.3166247903554 19 78 2.449489742783178 19 79 4.242640687119285 19 80 4.358898943540674 19 81 2.8284271247461903 19 82 3.3166247903554 
20 21 2.8284271247461903 20 22 4.795831523312719 20 23 2.23606797749979 20 24 2.8284271247461903 20 25 2.8284271247461903 20 26 3.605551275463989 20 27 3.7416573867739413 20 28 2.8284271247461903 20 29 3.1622776601683795 20 30 2.6457513110645907 
20 31 3.1622776601683795 20 32 2.8284271247461903 20 33 2.8284271247461903 20 34 2.8284271247461903 20 35 2.6457513110645907 20 36 2.23606797749979 20 37 2.449489742783178 20 38 2.449489742783178 20 39 2.8284271247461903 20 40 2.8284271247461903 
20 41 3.872983346207417 20 42 2.449489742783178 20 43 2.8284271247461903 20 44 3.872983346207417 20 45 4.58257569495584 20 46 3.872983346207417 20 47 2.449489742783178 20 48 2.449489742783178 20 49 2.8284271247461903 20 50 2.449489742783178 
20 51 2.8284271247461903 20 52 2.23606797749979 20 53 2.8284271247461903 20 54 2.449489742783178 20 55 3.3166247903554 20 56 2.8284271247461903 20 57 3.7416573867739413 20 58 2.449489742783178 20 59 2.8284271247461903 20 60 3.0 
20 61 2.449489742783178 20 62 2.8284271247461903 20 63 3.1622776601683795 20 64 2.23606797749979 20 65 2.23606797749979 20 66 3.1622776601683795 20 67 3.0 20 68 2.6457513110645907 20 69 3.3166247903554 20 70 2.8284271247461903 
20 71 2.8284271247461903 20 72 1.7320508075688772 20 73 3.3166247903554 20 74 3.605551275463989 20 75 2.8284271247461903 20 76 2.0 20 77 3.3166247903554 20 78 2.449489742783178 20 79 4.0 20 80 4.358898943540674 
20 81 2.8284271247461903 20 82 3.3166247903554 21 22 4.795831523312719 21 23 3.0 21 24 3.4641016151377544 21 25 3.7416573867739413 21 26 4.358898943540674 21 27 4.0 21 28 3.7416573867739413 21 29 4.0 
21 30 3.3166247903554 21 31 4.47213595499958 21 32 3.7416573867739413 21 33 3.7416573867739413 21 34 3.4641016151377544 21 35 3.605551275463989 21 36 3.0 21 37 3.7416573867739413 21 38 3.4641016151377544 21 39 3.7416573867739413 
21 40 3.4641016151377544 21 41 4.123105625617661 21 42 3.4641016151377544 21 43 3.7416573867739413 21 44 4.358898943540674 21 45 4.795831523312719 21 46 4.358898943540674 21 47 3.4641016151377544 21 48 3.7416573867739413 21 49 3.7416573867739413 
21 50 3.4641016151377544 21 51 3.7416573867739413 21 52 3.3166247903554 21 53 3.7416573867739413 21 54 3.4641016151377544 21 55 3.605551275463989 21 56 4.0 21 57 4.0 21 58 3.4641016151377544 21 59 3.4641016151377544 
21 60 3.872983346207417 21 61 3.4641016151377544 21 62 3.7416573867739413 21 63 4.242640687119285 21 64 3.605551275463989 21 65 3.3166247903554 21 66 4.0 21 67 4.123105625617661 21 68 3.605551275463989 21 69 4.123105625617661 
21 70 3.4641016151377544 21 71 3.4641016151377544 21 72 3.0 21 73 4.123105625617661 21 74 4.358898943540674 21 75 3.1622776601683795 21 76 2.8284271247461903 21 77 4.123105625617661 21 78 3.1622776601683795 21 79 4.242640687119285 
21 80 4.795831523312719 21 81 3.4641016151377544 21 82 4.123105625617661 22 23 5.0990195135927845 22 24 5.0 22 25 5.385164807134504 22 26 5.830951894845301 22 27 5.744562646538029 22 28 5.385164807134504 22 29 5.5677643628300215 
22 30 4.898979485566356 22 31 5.916079783099616 22 32 5.0 22 33 5.385164807134504 22 34 5.385164807134504 22 35 5.291502622129181 22 36 5.291502622129181 22 37 5.0 22 38 5.196152422706632 22 39 5.385164807134504 
22 40 5.385164807134504 22 41 6.164414002968976 22 42 5.196152422706632 22 43 5.385164807134504 22 44 5.477225575051661 22 45 6.324555320336759 22 46 5.477225575051661 22 47 5.196152422706632 22 48 5.0 22 49 5.385164807134504 
22 50 5.196152422706632 22 51 5.0 22 52 5.0990195135927845 22 53 5.385164807134504 22 54 5.196152422706632 22 55 3.4641016151377544 22 56 5.744562646538029 22 57 5.744562646538029 22 58 5.196152422706632 22 59 5.5677643628300215 
22 60 5.477225575051661 22 61 5.196152422706632 22 62 5.385164807134504 22 63 5.744562646538029 22 64 4.47213595499958 22 65 4.69041575982343 22 66 5.5677643628300215 22 67 5.291502622129181 22 68 5.291502622129181 22 69 5.291502622129181 
22 70 5.5677643628300215 22 71 5.5677643628300215 22 72 4.898979485566356 22 73 5.656854249492381 22 74 5.477225575051661 22 75 5.0 22 76 4.795831523312719 22 77 5.656854249492381 22 78 4.58257569495584 22 79 5.744562646538029 
22 80 5.830951894845301 22 81 5.196152422706632 22 82 5.656854249492381 23 24 2.6457513110645907 23 25 2.23606797749979 23 26 3.1622776601683795 23 27 3.872983346207417 23 28 2.23606797749979 23 29 2.6457513110645907 23 30 2.0 
23 31 3.3166247903554 23 32 2.6457513110645907 23 33 2.23606797749979 23 34 1.7320508075688772 23 35 2.0 23 36 2.0 23 37 2.6457513110645907 23 38 1.7320508075688772 23 39 2.23606797749979 23 40 2.23606797749979 
23 41 3.7416573867739413 23 42 1.7320508075688772 23 43 2.23606797749979 23 44 3.4641016151377544 23 45 4.47213595499958 23 46 3.4641016151377544 23 47 1.7320508075688772 23 48 2.6457513110645907 23 49 2.23606797749979 23 50 1.7320508075688772 
23 51 2.6457513110645907 23 52 1.4142135623730951 23 53 2.23606797749979 23 54 1.7320508075688772 23 55 3.4641016151377544 23 56 3.3166247903554 23 57 3.872983346207417 23 58 1.7320508075688772 23 59 2.6457513110645907 23 60 2.449489742783178 
23 61 1.7320508075688772 23 62 2.23606797749979 23 63 3.0 23 64 2.8284271247461903 23 65 2.0 23 66 2.6457513110645907 23 67 3.1622776601683795 23 68 2.0 23 69 3.1622776601683795 23 70 2.6457513110645907 
23 71 2.6457513110645907 23 72 2.449489742783178 23 73 2.8284271247461903 23 74 3.4641016151377544 23 75 2.6457513110645907 23 76 2.23606797749979 23 77 2.8284271247461903 23 78 3.0 23 79 3.872983346207417 23 80 4.0 
23 81 3.0 23 82 2.8284271247461903 24 25 2.8284271247461903 24 26 3.3166247903554 24 27 4.242640687119285 24 28 3.1622776601683795 24 29 3.4641016151377544 24 30 3.0 24 31 4.0 24 32 3.4641016151377544 
24 33 3.1622776601683795 24 34 3.1622776601683795 24 35 3.0 24 36 3.0 24 37 2.8284271247461903 24 38 2.8284271247461903 24 39 3.1622776601683795 24 40 2.8284271247461903 24 41 4.358898943540674 24 42 2.8284271247461903 
24 43 2.8284271247461903 24 44 4.123105625617661 24 45 5.0 24 46 4.123105625617661 24 47 2.8284271247461903 24 48 2.8284271247461903 24 49 2.8284271247461903 24 50 2.449489742783178 24 51 3.1622776601683795 24 52 2.6457513110645907 
24 53 3.1622776601683795 24 54 2.8284271247461903 24 55 3.605551275463989 24 56 4.0 24 57 4.242640687119285 24 58 2.8284271247461903 24 59 3.1622776601683795 24 60 3.3166247903554 24 61 2.8284271247461903 24 62 3.1622776601683795 
24 63 3.4641016151377544 24 64 3.0 24 65 2.6457513110645907 24 66 3.1622776601683795 24 67 3.3166247903554 24 68 2.6457513110645907 24 69 3.3166247903554 24 70 3.1622776601683795 24 71 3.1622776601683795 24 72 3.0 
24 73 3.3166247903554 24 74 3.872983346207417 24 75 3.4641016151377544 24 76 3.1622776601683795 24 77 3.0 24 78 2.8284271247461903 24 79 4.47213595499958 24 80 4.358898943540674 24 81 3.1622776601683795 24 82 3.3166247903554 
25 26 3.3166247903554 25 27 4.242640687119285 25 28 2.8284271247461903 25 29 3.1622776601683795 25 30 3.0 25 31 3.7416573867739413 25 32 3.1622776601683795 25 33 2.0 25 34 2.8284271247461903 25 35 2.6457513110645907 
25 36 2.6457513110645907 25 37 3.1622776601683795 25 38 2.449489742783178 25 39 2.8284271247461903 25 40 2.449489742783178 25 41 4.123105625617661 25 42 2.449489742783178 25 43 2.449489742783178 25 44 3.872983346207417 25 45 4.795831523312719 
25 46 4.123105625617661 25 47 2.449489742783178 25 48 2.8284271247461903 25 49 2.8284271247461903 25 50 2.449489742783178 25 51 3.1622776601683795 25 52 2.23606797749979 25 53 2.8284271247461903 25 54 2.449489742783178 25 55 3.872983346207417 
25 56 3.7416573867739413 25 57 4.242640687119285 25 58 2.449489742783178 25 59 3.1622776601683795 25 60 3.0 25 61 2.449489742783178 25 62 2.8284271247461903 25 63 3.4641016151377544 25 64 3.3166247903554 25 65 2.6457513110645907 
25 66 3.1622776601683795 25 67 3.3166247903554 25 68 2.6457513110645907 25 69 3.605551275463989 25 70 3.1622776601683795 25 71 2.8284271247461903 25 72 3.0 25 73 3.3166247903554 25 74 3.605551275463989 25 75 3.1622776601683795 
25 76 2.8284271247461903 25 77 3.0 25 78 3.4641016151377544 25 79 4.242640687119285 25 80 4.358898943540674 25 81 3.4641016151377544 25 82 3.3166247903554 26 27 4.795831523312719 26 28 3.605551275463989 26 29 3.872983346207417 
26 30 3.4641016151377544 26 31 4.123105625617661 26 32 3.872983346207417 26 33 3.605551275463989 26 34 3.605551275463989 26 35 3.4641016151377544 26 36 3.4641016151377544 26 37 3.3166247903554 26 38 3.3166247903554 26 39 3.605551275463989 
26 40 3.3166247903554 26 41 4.69041575982343 26 42 3.3166247903554 26 43 3.3166247903554 26 44 4.47213595499958 26 45 5.291502622129181 26 46 4.69041575982343 26 47 3.3166247903554 26 48 3.605551275463989 26 49 3.3166247903554 
26 50 3.0 26 51 3.872983346207417 26 52 3.1622776601683795 26 53 3.605551275463989 26 54 3.3166247903554 26 55 4.47213595499958 26 56 4.358898943540674 26 57 4.795831523312719 26 58 3.3166247903554 26 59 3.872983346207417 
26 60 3.4641016151377544 26 61 3.3166247903554 26 62 3.605551275463989 26 63 3.605551275463989 26 64 4.0 26 65 3.4641016151377544 26 66 3.605551275463989 26 67 4.0 26 68 2.8284271247461903 26 69 4.0 
26 70 3.605551275463989 26 71 3.605551275463989 26 72 3.4641016151377544 26 73 3.7416573867739413 26 74 4.0 26 75 3.872983346207417 26 76 3.605551275463989 26 77 3.1622776601683795 26 78 3.872983346207417 26 79 4.795831523312719 
26 80 4.898979485566356 26 81 3.872983346207417 26 82 3.7416573867739413 27 28 4.242640687119285 27 29 4.47213595499958 27 30 4.123105625617661 27 31 4.69041575982343 27 32 4.47213595499958 27 33 4.242640687119285 27 34 4.0 
27 35 4.123105625617661 27 36 3.872983346207417 27 37 4.242640687119285 27 38 4.0 27 39 4.242640687119285 27 40 4.0 27 41 3.3166247903554 27 42 3.7416573867739413 27 43 4.242640687119285 27 44 5.0 
27 45 5.385164807134504 27 46 5.0 27 47 4.0 27 48 4.242640687119285 27 49 4.242640687119285 27 50 4.0 27 51 4.242640687119285 27 52 3.872983346207417 27 53 4.242640687119285 27 54 4.0 
27 55 4.58257569495584 27 56 4.47213595499958 27 57 4.69041575982343 27 58 4.0 27 59 4.242640687119285 27 60 4.123105625617661 27 61 4.0 27 62 4.242640687119285 27 63 4.47213595499958 27 64 4.123105625617661 
27 65 3.872983346207417 27 66 4.47213595499958 27 67 4.58257569495584 27 68 4.123105625617661 27 69 4.58257569495584 27 70 4.242640687119285 27 71 4.242640687119285 27 72 3.872983346207417 27 73 4.58257569495584 27 74 5.0 
27 75 4.242640687119285 27 76 4.0 27 77 4.358898943540674 27 78 4.0 27 79 5.0990195135927845 27 80 5.385164807134504 27 81 4.242640687119285 27 82 4.58257569495584 28 29 3.1622776601683795 28 30 3.0 
28 31 3.7416573867739413 28 32 3.1622776601683795 28 33 2.8284271247461903 28 34 2.8284271247461903 28 35 2.6457513110645907 28 36 2.6457513110645907 28 37 3.1622776601683795 28 38 2.449489742783178 28 39 2.449489742783178 28 40 2.8284271247461903 
28 41 4.123105625617661 28 42 2.449489742783178 28 43 2.8284271247461903 28 44 3.872983346207417 28 45 4.795831523312719 28 46 4.123105625617661 28 47 2.449489742783178 28 48 3.1622776601683795 28 49 2.8284271247461903 28 50 2.449489742783178 
28 51 3.1622776601683795 28 52 2.23606797749979 28 53 2.8284271247461903 28 54 2.449489742783178 28 55 3.872983346207417 28 56 3.7416573867739413 28 57 4.242640687119285 28 58 2.449489742783178 28 59 3.1622776601683795 28 60 3.0 
28 61 2.449489742783178 28 62 2.8284271247461903 28 63 3.4641016151377544 28 64 3.3166247903554 28 65 2.6457513110645907 28 66 3.1622776601683795 28 67 3.605551275463989 28 68 2.6457513110645907 28 69 3.605551275463989 28 70 3.1622776601683795 
28 71 3.1622776601683795 28 72 3.0 28 73 3.0 28 74 3.872983346207417 28 75 3.1622776601683795 28 76 2.8284271247461903 28 77 3.3166247903554 28 78 3.4641016151377544 28 79 4.0 28 80 4.358898943540674 
28 81 3.1622776601683795 28 82 3.0 29 30 3.3166247903554 29 31 3.4641016151377544 29 32 3.4641016151377544 29 33 2.8284271247461903 29 34 3.1622776601683795 29 35 3.0 29 36 3.0 29 37 3.4641016151377544 
29 38 2.449489742783178 29 39 3.1622776601683795 29 40 3.1622776601683795 29 41 4.123105625617661 29 42 2.449489742783178 29 43 2.8284271247461903 29 44 4.123105625617661 29 45 5.0 29 46 4.358898943540674 29 47 2.8284271247461903 
29 48 3.4641016151377544 29 49 3.1622776601683795 29 50 2.8284271247461903 29 51 3.1622776601683795 29 52 2.6457513110645907 29 53 3.1622776601683795 29 54 2.449489742783178 29 55 3.872983346207417 29 56 4.0 29 57 4.47213595499958 
29 58 2.8284271247461903 29 59 3.4641016151377544 29 60 3.0 29 61 2.8284271247461903 29 62 3.1622776601683795 29 63 3.4641016151377544 29 64 3.0 29 65 3.0 29 66 3.4641016151377544 29 67 3.872983346207417 
29 68 2.6457513110645907 29 69 3.605551275463989 29 70 3.4641016151377544 29 71 3.4641016151377544 29 72 3.3166247903554 29 73 3.605551275463989 29 74 3.605551275463989 29 75 3.1622776601683795 29 76 3.1622776601683795 29 77 3.605551275463989 
29 78 3.7416573867739413 29 79 4.242640687119285 29 80 4.358898943540674 29 81 3.7416573867739413 29 82 3.605551275463989 30 31 3.872983346207417 30 32 3.0 30 33 3.0 30 34 2.6457513110645907 30 35 2.8284271247461903 
30 36 2.8284271247461903 30 37 3.0 30 38 2.6457513110645907 30 39 2.6457513110645907 30 40 3.0 30 41 4.242640687119285 30 42 2.6457513110645907 30 43 3.0 30 44 4.0 30 45 4.898979485566356 
30 46 3.7416573867739413 30 47 2.23606797749979 30 48 2.6457513110645907 30 49 2.6457513110645907 30 50 2.6457513110645907 30 51 3.0 30 52 2.0 30 53 3.0 30 54 2.6457513110645907 30 55 3.4641016151377544 
30 56 3.872983346207417 30 57 4.123105625617661 30 58 2.23606797749979 30 59 3.3166247903554 30 60 3.1622776601683795 30 61 2.6457513110645907 30 62 3.0 30 63 3.605551275463989 30 64 2.8284271247461903 30 65 2.449489742783178 
30 66 3.3166247903554 30 67 3.1622776601683795 30 68 2.8284271247461903 30 69 3.4641016151377544 30 70 3.3166247903554 30 71 3.0 30 72 2.8284271247461903 30 73 3.1622776601683795 30 74 4.0 30 75 3.3166247903554 
30 76 3.0 30 77 3.1622776601683795 30 78 3.0 30 79 3.872983346207417 30 80 4.47213595499958 30 81 3.0 30 82 3.4641016151377544 31 32 3.4641016151377544 31 33 3.7416573867739413 31 34 3.4641016151377544 
31 35 3.605551275463989 31 36 3.605551275463989 31 37 3.4641016151377544 31 38 3.4641016151377544 31 39 3.7416573867739413 31 40 3.7416573867739413 31 41 4.58257569495584 31 42 3.4641016151377544 31 43 3.7416573867739413 31 44 4.358898943540674 
31 45 5.385164807134504 31 46 4.795831523312719 31 47 3.4641016151377544 31 48 3.4641016151377544 31 49 3.7416573867739413 31 50 3.4641016151377544 31 51 4.0 31 52 3.3166247903554 31 53 3.4641016151377544 31 54 3.4641016151377544 
31 55 4.58257569495584 31 56 3.4641016151377544 31 57 4.898979485566356 31 58 3.4641016151377544 31 59 4.0 31 60 3.872983346207417 31 61 3.4641016151377544 31 62 3.7416573867739413 31 63 2.8284271247461903 31 64 3.3166247903554 
31 65 3.605551275463989 31 66 4.0 31 67 3.872983346207417 31 68 3.605551275463989 31 69 4.358898943540674 31 70 4.0 31 71 4.0 31 72 3.0 31 73 4.123105625617661 31 74 3.872983346207417 
31 75 3.7416573867739413 31 76 3.1622776601683795 31 77 4.123105625617661 31 78 4.242640687119285 31 79 4.69041575982343 31 80 5.0 31 81 4.242640687119285 31 82 3.872983346207417 32 33 3.1622776601683795 32 34 3.1622776601683795 
32 35 3.0 32 36 3.0 32 37 3.1622776601683795 32 38 2.8284271247461903 32 39 2.8284271247461903 32 40 3.1622776601683795 32 41 4.358898943540674 32 42 2.8284271247461903 32 43 3.1622776601683795 32 44 3.872983346207417 
32 45 5.0 32 46 4.358898943540674 32 47 2.449489742783178 32 48 2.8284271247461903 32 49 2.8284271247461903 32 50 2.8284271247461903 32 51 3.4641016151377544 32 52 2.23606797749979 32 53 3.1622776601683795 32 54 2.8284271247461903 
32 55 3.605551275463989 32 56 3.4641016151377544 32 57 4.47213595499958 32 58 2.449489742783178 32 59 3.4641016151377544 32 60 3.3166247903554 32 61 2.8284271247461903 32 62 3.1622776601683795 32 63 3.4641016151377544 32 64 3.3166247903554 
32 65 3.0 32 66 3.4641016151377544 32 67 3.3166247903554 32 68 3.0 32 69 3.872983346207417 32 70 3.1622776601683795 32 71 2.8284271247461903 32 72 3.0 32 73 3.3166247903554 32 74 3.605551275463989 
32 75 3.1622776601683795 32 76 2.449489742783178 32 77 3.3166247903554 32 78 3.7416573867739413 32 79 3.7416573867739413 32 80 4.123105625617661 32 81 3.4641016151377544 32 82 3.605551275463989 33 34 2.8284271247461903 33 35 2.6457513110645907 
33 36 2.6457513110645907 33 37 3.1622776601683795 33 38 2.0 33 39 2.8284271247461903 33 40 2.8284271247461903 33 41 4.123105625617661 33 42 2.0 33 43 2.449489742783178 33 44 3.872983346207417 33 45 4.795831523312719 
33 46 4.123105625617661 33 47 2.449489742783178 33 48 3.1622776601683795 33 49 2.8284271247461903 33 50 2.449489742783178 33 51 2.8284271247461903 33 52 2.23606797749979 33 53 2.8284271247461903 33 54 2.0 33 55 3.605551275463989 
33 56 3.7416573867739413 33 57 4.242640687119285 33 58 2.449489742783178 33 59 3.1622776601683795 33 60 2.6457513110645907 33 61 2.449489742783178 33 62 2.8284271247461903 33 63 3.4641016151377544 33 64 3.0 33 65 2.6457513110645907 
33 66 3.1622776601683795 33 67 3.605551275463989 33 68 2.23606797749979 33 69 3.3166247903554 33 70 3.1622776601683795 33 71 2.8284271247461903 33 72 3.0 33 73 3.3166247903554 33 74 3.605551275463989 33 75 3.1622776601683795 
33 76 2.8284271247461903 33 77 3.3166247903554 33 78 3.4641016151377544 33 79 4.242640687119285 33 80 4.123105625617661 33 81 3.4641016151377544 33 82 3.3166247903554 34 35 2.6457513110645907 34 36 2.6457513110645907 34 37 3.1622776601683795 
34 38 2.449489742783178 34 39 2.8284271247461903 34 40 2.8284271247461903 34 41 4.123105625617661 34 42 2.449489742783178 34 43 2.8284271247461903 34 44 3.872983346207417 34 45 4.58257569495584 34 46 3.872983346207417 34 47 2.449489742783178 
34 48 3.1622776601683795 34 49 2.8284271247461903 34 50 2.449489742783178 34 51 3.1622776601683795 34 52 2.23606797749979 34 53 2.8284271247461903 34 54 2.449489742783178 34 55 3.872983346207417 34 56 3.7416573867739413 34 57 4.242640687119285 
34 58 2.449489742783178 34 59 3.1622776601683795 34 60 3.0 34 61 2.449489742783178 34 62 2.8284271247461903 34 63 3.1622776601683795 34 64 3.3166247903554 34 65 2.6457513110645907 34 66 3.1622776601683795 34 67 3.605551275463989 
34 68 2.6457513110645907 34 69 3.605551275463989 34 70 3.1622776601683795 34 71 3.1622776601683795 34 72 3.0 34 73 3.3166247903554 34 74 3.872983346207417 34 75 3.1622776601683795 34 76 2.8284271247461903 34 77 3.3166247903554 
34 78 3.4641016151377544 34 79 4.242640687119285 34 80 4.358898943540674 34 81 3.4641016151377544 34 82 3.0 35 36 2.449489742783178 35 37 3.0 35 38 2.23606797749979 35 39 2.6457513110645907 35 40 2.6457513110645907 
35 41 4.0 35 42 2.23606797749979 35 43 2.6457513110645907 35 44 3.7416573867739413 35 45 4.69041575982343 35 46 4.0 35 47 2.23606797749979 35 48 3.0 35 49 2.6457513110645907 35 50 2.23606797749979 
35 51 3.0 35 52 2.0 35 53 2.6457513110645907 35 54 2.23606797749979 35 55 3.7416573867739413 35 56 3.605551275463989 35 57 4.123105625617661 35 58 2.23606797749979 35 59 3.0 35 60 2.8284271247461903 
35 61 2.23606797749979 35 62 2.6457513110645907 35 63 3.3166247903554 35 64 3.1622776601683795 35 65 2.449489742783178 35 66 3.0 35 67 3.4641016151377544 35 68 2.449489742783178 35 69 3.4641016151377544 35 70 3.0 
35 71 3.0 35 72 2.8284271247461903 35 73 3.1622776601683795 35 74 3.7416573867739413 35 75 3.0 35 76 2.6457513110645907 35 77 3.1622776601683795 35 78 3.3166247903554 35 79 4.123105625617661 35 80 4.0 
35 81 3.3166247903554 35 82 3.1622776601683795 36 37 2.6457513110645907 36 38 2.23606797749979 36 39 2.6457513110645907 36 40 2.6457513110645907 36 41 3.7416573867739413 36 42 2.23606797749979 36 43 2.23606797749979 36 44 3.4641016151377544 
36 45 4.47213595499958 36 46 4.0 36 47 2.23606797749979 36 48 3.0 36 49 2.6457513110645907 36 50 2.23606797749979 36 51 2.6457513110645907 36 52 2.0 36 53 2.6457513110645907 36 54 2.23606797749979 
36 55 3.7416573867739413 36 56 3.3166247903554 36 57 3.872983346207417 36 58 2.23606797749979 36 59 2.6457513110645907 36 60 2.8284271247461903 36 61 2.23606797749979 36 62 2.6457513110645907 36 63 3.3166247903554 36 64 3.1622776601683795 
36 65 2.449489742783178 36 66 3.0 36 67 3.4641016151377544 36 68 2.449489742783178 36 69 3.4641016151377544 36 70 2.6457513110645907 36 71 2.6457513110645907 36 72 2.449489742783178 36 73 3.1622776601683795 36 74 3.7416573867739413 
36 75 2.6457513110645907 36 76 1.7320508075688772 36 77 3.1622776601683795 36 78 3.0 36 79 3.872983346207417 36 80 4.242640687119285 36 81 3.0 36 82 3.1622776601683795 37 38 2.8284271247461903 37 39 3.1622776601683795 
37 40 3.1622776601683795 37 41 4.123105625617661 37 42 2.8284271247461903 37 43 3.1622776601683795 37 44 3.872983346207417 37 45 4.795831523312719 37 46 4.123105625617661 37 47 2.8284271247461903 37 48 2.8284271247461903 37 49 2.8284271247461903 
37 50 2.449489742783178 37 51 2.8284271247461903 37 52 2.6457513110645907 37 53 3.1622776601683795 37 54 2.8284271247461903 37 55 3.605551275463989 37 56 3.1622776601683795 37 57 4.242640687119285 37 58 2.8284271247461903 37 59 3.4641016151377544 
37 60 3.0 37 61 2.8284271247461903 37 62 3.1622776601683795 37 63 3.1622776601683795 37 64 2.6457513110645907 37 65 2.6457513110645907 37 66 3.1622776601683795 37 67 3.3166247903554 37 68 2.23606797749979 37 69 3.3166247903554 
37 70 3.1622776601683795 37 71 3.1622776601683795 37 72 2.6457513110645907 37 73 3.3166247903554 37 74 3.3166247903554 37 75 3.4641016151377544 37 76 2.449489742783178 37 77 3.3166247903554 37 78 2.449489742783178 37 79 4.47213595499958 
37 80 4.58257569495584 37 81 3.1622776601683795 37 82 3.0 38 39 2.449489742783178 38 40 2.449489742783178 38 41 3.872983346207417 38 42 1.4142135623730951 38 43 2.0 38 44 3.605551275463989 38 45 4.58257569495584 
38 46 3.872983346207417 38 47 2.0 38 48 2.8284271247461903 38 49 2.449489742783178 38 50 2.0 38 51 2.449489742783178 38 52 1.7320508075688772 38 53 2.449489742783178 38 54 1.4142135623730951 38 55 3.3166247903554 
38 56 3.4641016151377544 38 57 4.0 38 58 2.0 38 59 2.8284271247461903 38 60 1.7320508075688772 38 61 2.0 38 62 2.449489742783178 38 63 3.1622776601683795 38 64 2.6457513110645907 38 65 2.23606797749979 
38 66 2.8284271247461903 38 67 3.3166247903554 38 68 1.7320508075688772 38 69 3.0 38 70 2.8284271247461903 38 71 2.8284271247461903 38 72 2.6457513110645907 38 73 3.0 38 74 3.3166247903554 38 75 2.8284271247461903 
38 76 2.449489742783178 38 77 3.0 38 78 3.1622776601683795 38 79 4.0 38 80 3.872983346207417 38 81 3.1622776601683795 38 82 3.0 39 40 2.8284271247461903 39 41 4.123105625617661 39 42 2.449489742783178 
39 43 2.8284271247461903 39 44 3.872983346207417 39 45 4.795831523312719 39 46 4.123105625617661 39 47 2.0 39 48 2.8284271247461903 39 49 2.449489742783178 39 50 2.449489742783178 39 51 3.1622776601683795 39 52 1.7320508075688772 
39 53 2.8284271247461903 39 54 2.449489742783178 39 55 3.872983346207417 39 56 3.7416573867739413 39 57 4.242640687119285 39 58 2.0 39 59 3.1622776601683795 39 60 3.0 39 61 2.449489742783178 39 62 2.8284271247461903 
39 63 3.4641016151377544 39 64 3.3166247903554 39 65 2.6457513110645907 39 66 2.8284271247461903 39 67 3.3166247903554 39 68 2.6457513110645907 39 69 3.605551275463989 39 70 3.1622776601683795 39 71 2.8284271247461903 39 72 3.0 
39 73 2.6457513110645907 39 74 3.872983346207417 39 75 3.1622776601683795 39 76 2.8284271247461903 39 77 3.0 39 78 3.4641016151377544 39 79 3.4641016151377544 39 80 4.123105625617661 39 81 2.8284271247461903 39 82 3.0 
40 41 3.872983346207417 40 42 2.449489742783178 40 43 2.449489742783178 40 44 3.872983346207417 40 45 4.58257569495584 40 46 4.123105625617661 40 47 2.449489742783178 40 48 2.449489742783178 40 49 2.8284271247461903 40 50 2.449489742783178 
40 51 3.1622776601683795 40 52 2.23606797749979 40 53 2.8284271247461903 40 54 2.449489742783178 40 55 3.872983346207417 40 56 3.7416573867739413 40 57 4.0 40 58 2.449489742783178 40 59 3.1622776601683795 40 60 3.0 
40 61 2.449489742783178 40 62 2.8284271247461903 40 63 3.4641016151377544 40 64 3.3166247903554 40 65 2.6457513110645907 40 66 3.1622776601683795 40 67 3.3166247903554 40 68 2.6457513110645907 40 69 3.605551275463989 40 70 3.1622776601683795 
40 71 3.1622776601683795 40 72 3.0 40 73 3.3166247903554 40 74 3.872983346207417 40 75 3.1622776601683795 40 76 2.8284271247461903 40 77 3.0 40 78 3.4641016151377544 40 79 4.242640687119285 40 80 4.358898943540674 
40 81 3.4641016151377544 40 82 3.3166247903554 41 42 3.872983346207417 41 43 4.123105625617661 41 44 4.898979485566356 41 45 5.0990195135927845 41 46 5.0990195135927845 41 47 3.872983346207417 41 48 4.358898943540674 41 49 4.123105625617661 
41 50 3.872983346207417 41 51 4.358898943540674 41 52 3.7416573867739413 41 53 4.123105625617661 41 54 3.872983346207417 41 55 4.898979485566356 41 56 4.358898943540674 41 57 4.795831523312719 41 58 3.872983346207417 41 59 4.123105625617661 
41 60 4.242640687119285 41 61 3.872983346207417 41 62 4.123105625617661 41 63 4.58257569495584 41 64 4.47213595499958 41 65 4.0 41 66 4.358898943540674 41 67 4.69041575982343 41 68 4.0 41 69 4.69041575982343 
41 70 4.123105625617661 41 71 4.123105625617661 41 72 4.0 41 73 4.47213595499958 41 74 4.898979485566356 41 75 4.123105625617661 41 76 3.872983346207417 41 77 4.47213595499958 41 78 4.123105625617661 41 79 5.0 
41 80 5.291502622129181 41 81 4.358898943540674 41 82 4.242640687119285 42 43 2.0 42 44 3.605551275463989 42 45 4.58257569495584 42 46 3.872983346207417 42 47 2.0 42 48 2.8284271247461903 42 49 2.449489742783178 
42 50 2.0 42 51 2.449489742783178 42 52 1.7320508075688772 42 53 2.449489742783178 42 54 1.4142135623730951 42 55 3.3166247903554 42 56 3.4641016151377544 42 57 4.0 42 58 2.0 42 59 2.8284271247461903 
42 60 1.7320508075688772 42 61 2.0 42 62 2.449489742783178 42 63 3.1622776601683795 42 64 2.6457513110645907 42 65 2.23606797749979 42 66 2.8284271247461903 42 67 3.3166247903554 42 68 1.7320508075688772 42 69 3.0 
42 70 2.8284271247461903 42 71 2.8284271247461903 42 72 2.6457513110645907 42 73 3.0 42 74 3.3166247903554 42 75 2.8284271247461903 42 76 2.449489742783178 42 77 2.6457513110645907 42 78 3.1622776601683795 42 79 4.0 
42 80 3.872983346207417 42 81 3.1622776601683795 42 82 3.0 43 44 3.872983346207417 43 45 4.795831523312719 43 46 4.123105625617661 43 47 2.0 43 48 2.8284271247461903 43 49 2.8284271247461903 43 50 2.449489742783178 
43 51 2.8284271247461903 43 52 2.23606797749979 43 53 2.8284271247461903 43 54 2.0 43 55 3.605551275463989 43 56 3.7416573867739413 43 57 4.242640687119285 43 58 2.449489742783178 43 59 3.1622776601683795 43 60 2.6457513110645907 
43 61 2.449489742783178 43 62 2.8284271247461903 43 63 3.4641016151377544 43 64 3.0 43 65 2.6457513110645907 43 66 3.1622776601683795 43 67 3.3166247903554 43 68 2.23606797749979 43 69 3.3166247903554 43 70 3.1622776601683795 
43 71 3.1622776601683795 43 72 3.0 43 73 3.3166247903554 43 74 3.605551275463989 43 75 3.1622776601683795 43 76 2.8284271247461903 43 77 3.0 43 78 3.4641016151377544 43 79 4.242640687119285 43 80 4.123105625617661 
43 81 3.4641016151377544 43 82 3.0 44 45 5.477225575051661 44 46 4.898979485566356 44 47 3.605551275463989 44 48 4.123105625617661 44 49 3.872983346207417 44 50 3.605551275463989 44 51 3.872983346207417 44 52 3.4641016151377544 
44 53 3.3166247903554 44 54 3.605551275463989 44 55 4.242640687119285 44 56 4.58257569495584 44 57 4.358898943540674 44 58 3.3166247903554 44 59 4.123105625617661 44 60 4.0 44 61 3.605551275463989 44 62 3.872983346207417 
44 63 4.358898943540674 44 64 4.242640687119285 44 65 3.7416573867739413 44 66 4.123105625617661 44 67 4.47213595499958 44 68 3.7416573867739413 44 69 4.47213595499958 44 70 3.872983346207417 44 71 4.123105625617661 44 72 3.7416573867739413 
44 73 4.242640687119285 44 74 4.47213595499958 44 75 3.872983346207417 44 76 3.3166247903554 44 77 4.242640687119285 44 78 4.358898943540674 44 79 4.795831523312719 44 80 4.898979485566356 44 81 4.358898943540674 44 82 4.0 
45 46 5.477225575051661 45 47 4.58257569495584 45 48 5.0 45 49 4.795831523312719 45 50 4.58257569495584 45 51 5.0 45 52 4.47213595499958 45 53 4.795831523312719 45 54 4.58257569495584 45 55 5.477225575051661 
45 56 4.795831523312719 45 57 5.385164807134504 45 58 4.58257569495584 45 59 4.795831523312719 45 60 4.898979485566356 45 61 4.58257569495584 45 62 4.795831523312719 45 63 5.196152422706632 45 64 5.0990195135927845 45 65 4.69041575982343 
45 66 5.0 45 67 5.291502622129181 45 68 4.69041575982343 45 69 5.291502622129181 45 70 4.795831523312719 45 71 4.795831523312719 45 72 4.69041575982343 45 73 4.898979485566356 45 74 5.477225575051661 45 75 4.795831523312719 
45 76 4.58257569495584 45 77 5.0990195135927845 45 78 4.795831523312719 45 79 5.385164807134504 45 80 5.830951894845301 45 81 5.0 45 82 4.69041575982343 46 47 3.872983346207417 46 48 4.123105625617661 46 49 4.123105625617661 
46 50 3.872983346207417 46 51 4.123105625617661 46 52 3.7416573867739413 46 53 4.123105625617661 46 54 3.872983346207417 46 55 4.47213595499958 46 56 4.795831523312719 46 57 5.0 46 58 3.872983346207417 46 59 4.358898943540674 
46 60 4.242640687119285 46 61 3.872983346207417 46 62 4.123105625617661 46 63 4.58257569495584 46 64 4.0 46 65 3.7416573867739413 46 66 4.358898943540674 46 67 4.47213595499958 46 68 4.0 46 69 4.242640687119285 
46 70 4.358898943540674 46 71 4.358898943540674 46 72 4.0 46 73 4.47213595499958 46 74 4.898979485566356 46 75 4.358898943540674 46 76 4.123105625617661 46 77 4.47213595499958 46 78 4.123105625617661 46 79 5.196152422706632 
46 80 5.291502622129181 46 81 4.358898943540674 46 82 4.47213595499958 47 48 2.449489742783178 47 49 2.0 47 50 2.0 47 51 2.8284271247461903 47 52 1.0 47 53 2.449489742783178 47 54 2.0 
47 55 3.605551275463989 47 56 3.4641016151377544 47 57 4.0 47 58 1.4142135623730951 47 59 2.8284271247461903 47 60 2.6457513110645907 47 61 2.0 47 62 2.449489742783178 47 63 3.1622776601683795 47 64 3.0 
47 65 2.23606797749979 47 66 2.8284271247461903 47 67 3.0 47 68 2.23606797749979 47 69 3.3166247903554 47 70 2.8284271247461903 47 71 2.449489742783178 47 72 2.6457513110645907 47 73 2.6457513110645907 47 74 3.605551275463989 
47 75 2.8284271247461903 47 76 2.449489742783178 47 77 2.6457513110645907 47 78 3.1622776601683795 47 79 3.4641016151377544 47 80 4.123105625617661 47 81 2.8284271247461903 47 82 2.6457513110645907 48 49 2.8284271247461903 48 50 2.8284271247461903 
48 51 3.1622776601683795 48 52 2.23606797749979 48 53 3.1622776601683795 48 54 2.8284271247461903 48 55 3.605551275463989 48 56 3.4641016151377544 48 57 4.242640687119285 48 58 2.449489742783178 48 59 3.4641016151377544 48 60 3.3166247903554 
48 61 2.8284271247461903 48 62 3.1622776601683795 48 63 3.4641016151377544 48 64 2.6457513110645907 48 65 2.6457513110645907 48 66 3.4641016151377544 48 67 2.6457513110645907 48 68 3.0 48 69 3.605551275463989 48 70 3.4641016151377544 
48 71 3.1622776601683795 48 72 2.6457513110645907 48 73 3.3166247903554 48 74 3.872983346207417 48 75 3.4641016151377544 48 76 2.8284271247461903 48 77 3.0 48 78 3.1622776601683795 48 79 4.0 48 80 4.58257569495584 
48 81 3.1622776601683795 48 82 3.605551275463989 49 50 2.0 49 51 3.1622776601683795 49 52 1.7320508075688772 49 53 2.8284271247461903 49 54 2.0 49 55 3.872983346207417 49 56 3.7416573867739413 49 57 4.242640687119285 
49 58 2.0 49 59 3.1622776601683795 49 60 3.0 49 61 2.449489742783178 49 62 2.8284271247461903 49 63 3.1622776601683795 49 64 3.3166247903554 49 65 2.6457513110645907 49 66 2.8284271247461903 49 67 3.3166247903554 
49 68 2.23606797749979 49 69 3.3166247903554 49 70 2.8284271247461903 49 71 2.449489742783178 49 72 3.0 49 73 2.6457513110645907 49 74 3.3166247903554 49 75 3.1622776601683795 49 76 2.8284271247461903 49 77 2.6457513110645907 
49 78 3.1622776601683795 49 79 3.7416573867739413 49 80 4.358898943540674 49 81 2.8284271247461903 49 82 3.0 50 51 2.8284271247461903 50 52 1.7320508075688772 50 53 2.449489742783178 50 54 2.0 50 55 3.605551275463989 
50 56 3.4641016151377544 50 57 4.0 50 58 2.0 50 59 2.8284271247461903 50 60 2.6457513110645907 50 61 2.0 50 62 2.449489742783178 50 63 2.8284271247461903 50 64 3.0 50 65 2.23606797749979 
50 66 2.449489742783178 50 67 3.3166247903554 50 68 1.7320508075688772 50 69 3.0 50 70 2.449489742783178 50 71 2.449489742783178 50 72 2.6457513110645907 50 73 2.6457513110645907 50 74 3.3166247903554 50 75 2.8284271247461903 
50 76 2.449489742783178 50 77 2.6457513110645907 50 78 2.8284271247461903 50 79 4.0 50 80 4.123105625617661 50 81 2.8284271247461903 50 82 2.6457513110645907 51 52 2.6457513110645907 51 53 3.1622776601683795 51 54 2.449489742783178 
51 55 3.3166247903554 51 56 4.0 51 57 4.242640687119285 51 58 2.8284271247461903 51 59 3.4641016151377544 51 60 3.0 51 61 2.8284271247461903 51 62 3.1622776601683795 51 63 3.7416573867739413 51 64 2.6457513110645907 
51 65 2.6457513110645907 51 66 3.4641016151377544 51 67 3.605551275463989 51 68 2.6457513110645907 51 69 3.3166247903554 51 70 3.4641016151377544 51 71 3.4641016151377544 51 72 3.0 51 73 3.605551275463989 51 74 3.872983346207417 
51 75 3.4641016151377544 51 76 2.8284271247461903 51 77 3.605551275463989 51 78 3.1622776601683795 51 79 4.47213595499958 51 80 4.358898943540674 51 81 3.4641016151377544 51 82 3.605551275463989 52 53 2.23606797749979 52 54 1.7320508075688772 
52 55 3.4641016151377544 52 56 3.3166247903554 52 57 3.872983346207417 52 58 1.0 52 59 2.6457513110645907 52 60 2.449489742783178 52 61 1.7320508075688772 52 62 2.23606797749979 52 63 3.0 52 64 2.8284271247461903 
52 65 2.0 52 66 2.6457513110645907 52 67 2.8284271247461903 52 68 2.0 52 69 3.1622776601683795 52 70 2.6457513110645907 52 71 2.23606797749979 52 72 2.449489742783178 52 73 2.449489742783178 52 74 3.4641016151377544 
52 75 2.6457513110645907 52 76 2.23606797749979 52 77 2.449489742783178 52 78 3.0 52 79 3.3166247903554 52 80 4.0 52 81 2.6457513110645907 52 82 2.8284271247461903 53 54 2.449489742783178 53 55 3.872983346207417 
53 56 3.7416573867739413 53 57 4.0 53 58 2.0 53 59 3.1622776601683795 53 60 3.0 53 61 2.449489742783178 53 62 2.8284271247461903 53 63 2.8284271247461903 53 64 3.3166247903554 53 65 2.6457513110645907 
53 66 3.1622776601683795 53 67 3.605551275463989 53 68 2.6457513110645907 53 69 3.605551275463989 53 70 3.1622776601683795 53 71 3.1622776601683795 53 72 3.0 53 73 3.3166247903554 53 74 3.872983346207417 53 75 3.1622776601683795 
53 76 2.8284271247461903 53 77 3.3166247903554 53 78 3.4641016151377544 53 79 4.242640687119285 53 80 4.358898943540674 53 81 3.4641016151377544 53 82 3.0 54 55 3.3166247903554 54 56 3.4641016151377544 54 57 4.0 
54 58 2.0 54 59 2.8284271247461903 54 60 2.23606797749979 54 61 2.0 54 62 2.449489742783178 54 63 3.1622776601683795 54 64 2.6457513110645907 54 65 2.23606797749979 54 66 2.8284271247461903 54 67 3.3166247903554 
54 68 1.7320508075688772 54 69 3.0 54 70 2.8284271247461903 54 71 2.8284271247461903 54 72 2.6457513110645907 54 73 3.0 54 74 3.3166247903554 54 75 2.8284271247461903 54 76 2.449489742783178 54 77 3.0 
54 78 3.1622776601683795 54 79 4.0 54 80 3.872983346207417 54 81 3.1622776601683795 54 82 3.0 55 56 4.58257569495584 55 57 4.358898943540674 55 58 3.605551275463989 55 59 4.123105625617661 55 60 3.7416573867739413 
55 61 3.605551275463989 55 62 3.872983346207417 55 63 4.358898943540674 55 64 2.8284271247461903 55 65 3.1622776601683795 55 66 4.123105625617661 55 67 4.0 55 68 3.4641016151377544 55 69 3.7416573867739413 55 70 4.123105625617661 
55 71 4.123105625617661 55 72 3.4641016151377544 55 73 4.242640687119285 55 74 4.0 55 75 3.605551275463989 55 76 3.3166247903554 55 77 4.242640687119285 55 78 3.3166247903554 55 79 4.58257569495584 55 80 4.47213595499958 
55 81 3.872983346207417 55 82 4.242640687119285 56 57 4.47213595499958 56 58 3.4641016151377544 56 59 3.7416573867739413 56 60 3.872983346207417 56 61 3.4641016151377544 56 62 3.7416573867739413 56 63 3.7416573867739413 56 64 3.605551275463989 
56 65 3.605551275463989 56 66 4.0 56 67 3.872983346207417 56 68 3.605551275463989 56 69 4.358898943540674 56 70 3.7416573867739413 56 71 3.7416573867739413 56 72 3.0 56 73 4.123105625617661 56 74 4.123105625617661 
56 75 3.7416573867739413 56 76 2.8284271247461903 56 77 4.123105625617661 56 78 3.7416573867739413 56 79 4.69041575982343 56 80 5.0 56 81 4.0 56 82 3.872983346207417 57 58 3.7416573867739413 57 59 4.242640687119285 
57 60 4.358898943540674 57 61 4.0 57 62 4.242640687119285 57 63 4.69041575982343 57 64 4.123105625617661 57 65 3.605551275463989 57 66 4.47213595499958 57 67 4.58257569495584 57 68 4.123105625617661 57 69 4.58257569495584 
57 70 4.242640687119285 57 71 4.242640687119285 57 72 3.872983346207417 57 73 4.58257569495584 57 74 5.0 57 75 4.242640687119285 57 76 4.0 57 77 4.58257569495584 57 78 4.0 57 79 5.0990195135927845 
57 80 5.385164807134504 57 81 4.242640687119285 57 82 4.58257569495584 58 59 2.8284271247461903 58 60 2.6457513110645907 58 61 2.0 58 62 2.449489742783178 58 63 3.1622776601683795 58 64 3.0 58 65 2.23606797749979 
58 66 2.8284271247461903 58 67 3.0 58 68 2.23606797749979 58 69 3.3166247903554 58 70 2.8284271247461903 58 71 2.449489742783178 58 72 2.6457513110645907 58 73 2.6457513110645907 58 74 3.605551275463989 58 75 2.8284271247461903 
58 76 2.449489742783178 58 77 2.6457513110645907 58 78 3.1622776601683795 58 79 3.4641016151377544 58 80 4.123105625617661 58 81 2.8284271247461903 58 82 3.0 59 60 3.3166247903554 59 61 2.8284271247461903 59 62 3.1622776601683795 
59 63 3.7416573867739413 59 64 3.605551275463989 59 65 3.0 59 66 3.4641016151377544 59 67 3.872983346207417 59 68 3.0 59 69 3.872983346207417 59 70 3.1622776601683795 59 71 3.1622776601683795 59 72 3.0 
59 73 3.605551275463989 59 74 4.123105625617661 59 75 3.1622776601683795 59 76 2.8284271247461903 59 77 3.605551275463989 59 78 3.4641016151377544 59 79 4.242640687119285 59 80 4.358898943540674 59 81 3.4641016151377544 59 82 3.605551275463989 
60 61 2.6457513110645907 60 62 3.0 60 63 3.605551275463989 60 64 3.1622776601683795 60 65 2.8284271247461903 60 66 3.3166247903554 60 67 3.7416573867739413 60 68 2.0 60 69 3.4641016151377544 60 70 3.3166247903554 
60 71 3.3166247903554 60 72 3.1622776601683795 60 73 3.4641016151377544 60 74 3.4641016151377544 60 75 3.3166247903554 60 76 3.0 60 77 3.1622776601683795 60 78 3.605551275463989 60 79 4.358898943540674 60 80 4.242640687119285 
60 81 3.605551275463989 60 82 3.4641016151377544 61 62 2.449489742783178 61 63 3.1622776601683795 61 64 3.0 61 65 2.23606797749979 61 66 2.8284271247461903 61 67 3.3166247903554 61 68 2.23606797749979 61 69 3.3166247903554 
61 70 2.8284271247461903 61 71 2.8284271247461903 61 72 2.6457513110645907 61 73 3.0 61 74 3.605551275463989 61 75 2.8284271247461903 61 76 2.449489742783178 61 77 3.0 61 78 3.1622776601683795 61 79 4.0 
61 80 4.123105625617661 61 81 3.1622776601683795 61 82 3.0 62 63 3.4641016151377544 62 64 3.3166247903554 62 65 2.6457513110645907 62 66 3.1622776601683795 62 67 3.605551275463989 62 68 2.6457513110645907 62 69 3.605551275463989 
62 70 3.1622776601683795 62 71 3.1622776601683795 62 72 3.0 62 73 3.3166247903554 62 74 3.872983346207417 62 75 3.1622776601683795 62 76 2.8284271247461903 62 77 3.3166247903554 62 78 3.4641016151377544 62 79 4.242640687119285 
62 80 4.358898943540674 62 81 3.4641016151377544 62 82 3.3166247903554 63 64 3.3166247903554 63 65 3.3166247903554 63 66 3.4641016151377544 63 67 3.872983346207417 63 68 3.0 63 69 3.872983346207417 63 70 3.4641016151377544 
63 71 3.4641016151377544 63 72 3.0 63 73 3.605551275463989 63 74 3.605551275463989 63 75 3.4641016151377544 63 76 3.1622776601683795 63 77 3.605551275463989 63 78 3.7416573867739413 63 79 4.47213595499958 63 80 4.795831523312719 
63 81 3.7416573867739413 63 82 3.605551275463989 64 65 2.449489742783178 64 66 3.605551275463989 64 67 3.1622776601683795 64 68 2.8284271247461903 64 69 3.1622776601683795 64 70 3.605551275463989 64 71 3.605551275463989 64 72 2.449489742783178 
64 73 3.7416573867739413 64 74 3.4641016151377544 64 75 3.3166247903554 64 76 3.0 64 77 3.7416573867739413 64 78 2.6457513110645907 64 79 4.358898943540674 64 80 4.47213595499958 64 81 3.3166247903554 64 82 3.7416573867739413 
65 66 3.0 65 67 3.1622776601683795 65 68 2.449489742783178 65 69 3.1622776601683795 65 70 3.0 65 71 3.0 65 72 2.449489742783178 65 73 3.1622776601683795 65 74 3.7416573867739413 65 75 3.0 
65 76 2.6457513110645907 65 77 3.1622776601683795 65 78 2.6457513110645907 65 79 4.123105625617661 65 80 4.242640687119285 65 81 3.0 65 82 3.1622776601683795 66 67 3.872983346207417 66 68 2.6457513110645907 66 69 3.605551275463989 
66 70 3.1622776601683795 66 71 3.1622776601683795 66 72 3.3166247903554 66 73 3.3166247903554 66 74 3.872983346207417 66 75 3.4641016151377544 66 76 3.1622776601683795 66 77 3.3166247903554 66 78 3.4641016151377544 66 79 4.47213595499958 
66 80 4.358898943540674 66 81 3.4641016151377544 66 82 3.3166247903554 67 68 3.4641016151377544 67 69 4.0 67 70 3.872983346207417 67 71 3.605551275463989 67 72 3.1622776601683795 67 73 3.7416573867739413 67 74 4.242640687119285 
67 75 3.872983346207417 67 76 3.3166247903554 67 77 3.4641016151377544 67 78 3.605551275463989 67 79 4.358898943540674 67 80 4.898979485566356 67 81 3.605551275463989 67 82 4.0 68 69 2.8284271247461903 68 70 2.6457513110645907 
68 71 2.6457513110645907 68 72 2.8284271247461903 68 73 2.8284271247461903 68 74 2.8284271247461903 68 75 3.0 68 76 2.6457513110645907 68 77 2.8284271247461903 68 78 3.0 68 79 4.123105625617661 68 80 4.0 
68 81 3.0 68 82 2.8284271247461903 69 70 3.605551275463989 69 71 3.605551275463989 69 72 3.4641016151377544 69 73 3.7416573867739413 69 74 4.0 69 75 3.872983346207417 69 76 3.605551275463989 69 77 3.4641016151377544 
69 78 3.3166247903554 69 79 4.795831523312719 69 80 4.69041575982343 69 81 3.3166247903554 69 82 3.7416573867739413 70 71 2.8284271247461903 70 72 2.6457513110645907 70 73 3.3166247903554 70 74 3.872983346207417 70 75 3.1622776601683795 
70 76 2.8284271247461903 70 77 3.3166247903554 70 78 3.1622776601683795 70 79 4.242640687119285 70 80 4.58257569495584 70 81 3.1622776601683795 70 82 3.3166247903554 71 72 3.0 71 73 3.0 71 74 3.872983346207417 
71 75 3.1622776601683795 71 76 2.8284271247461903 71 77 3.0 71 78 3.1622776601683795 71 79 3.7416573867739413 71 80 4.123105625617661 71 81 2.8284271247461903 71 82 3.3166247903554 72 73 3.4641016151377544 72 74 3.7416573867739413 
72 75 3.0 72 76 2.23606797749979 72 77 3.4641016151377544 72 78 2.6457513110645907 72 79 4.123105625617661 72 80 4.47213595499958 72 81 3.0 72 82 3.4641016151377544 73 74 3.7416573867739413 73 75 3.605551275463989 
73 76 3.3166247903554 73 77 3.1622776601683795 73 78 3.605551275463989 73 79 3.605551275463989 73 80 4.69041575982343 73 81 3.0 73 82 3.1622776601683795 74 75 3.3166247903554 74 76 3.3166247903554 74 77 4.0 
74 78 4.123105625617661 74 79 4.58257569495584 74 80 4.69041575982343 74 81 4.123105625617661 74 82 4.0 75 76 2.449489742783178 75 77 3.605551275463989 75 78 3.4641016151377544 75 79 3.7416573867739413 75 80 4.358898943540674 
75 81 3.4641016151377544 75 82 3.605551275463989 76 77 3.3166247903554 76 78 3.1622776601683795 76 79 3.7416573867739413 76 80 4.123105625617661 76 81 3.1622776601683795 76 82 3.3166247903554 77 78 3.605551275463989 77 79 4.123105625617661 
77 80 4.69041575982343 77 81 3.3166247903554 77 82 3.4641016151377544 78 79 4.47213595499958 78 80 4.795831523312719 78 81 2.8284271247461903 78 82 3.3166247903554 79 80 5.196152422706632 79 81 3.7416573867739413 79 82 4.358898943540674 
80 81 4.58257569495584 80 82 4.69041575982343 81 82 3.3166247903554 